[[18, 20], 
[5, 7, 16, 17, 19], 
[4, 6, 15, 18, 19, 32, 42], 
[6, 14, 18, 28, 31, 41], 
[2, 5, 27, 28, 31, 34, 44], 

[1, 4, 22, 23, 27, 30, 33, 39, 43], 
[2, 3, 21, 22, 26, 38], 
[1, 18, 21, 37, 42], 
[17, 41], 
[40], 

[39], 
[38], 
[23, 28, 41, 51], 
[22, 27, 37, 40, 50], 
[3, 22, 35, 36, 49], 

[2, 21, 34, 41, 44], 
[1, 20, 40, 43, 48], 
[1, 8, 28, 35, 39, 47, 48], 
[0, 2, 3, 7, 27, 30, 34, 47, 55], 
[1, 2, 29, 42, 54], 

[0, 16, 37, 41, 59], 
[6, 7, 15, 32, 36, 40, 47, 49, 58], 
[5, 6, 13, 14, 31, 46, 48], 
[5, 12, 27, 30, 55], 
[26, 47, 54], 

[28, 46, 56, 57], 
[6, 24, 27, 41, 55, 56], 
[4, 5, 13, 18, 23, 26, 40, 54, 55, 58], 
[3, 4, 12, 17, 25, 53, 54, 57, 59], 
[19, 48, 52, 54, 58], 

[5, 18, 23, 47, 51, 53, 54, 56], 
[3, 4, 22, 53, 54, 55, 56, 61], 
[2, 21, 42, 53, 55, 60, 64], 
[5, 41, 52, 53, 63, 71], 
[4, 15, 18, 51, 52, 70], 

[14, 17, 50, 65], 
[14, 21, 43, 53, 64], 
[7, 13, 20, 42, 52], 
[6, 11, 66], 
[5, 10, 17, 50, 65], 

[9, 13, 16, 21, 27, 49, 55, 62, 76], 
[3, 8, 12, 15, 20, 26, 33, 46, 48, 54, 61, 64, 75], 
[2, 7, 19, 32, 37, 45, 63, 80], 
[5, 16, 36, 58, 69, 79], 
[4, 15, 48, 56, 57, 58, 63, 68, 84], 

[42, 47, 48, 55, 56, 57, 62, 80, 82, 83], 
[22, 25, 41, 47, 54, 67, 79, 81], 
[17, 18, 21, 24, 30, 45, 46, 65, 66, 78], 
[16, 17, 22, 29, 41, 44, 45, 64, 65], 
[14, 21, 40, 53, 57, 62], 

[13, 35, 39, 52, 56, 61, 76, 86], 
[12, 30, 34, 60, 75, 81, 85], 
[29, 33, 34, 37, 50, 64, 74, 80, 86], 
[28, 30, 31, 32, 33, 36, 49, 63, 72, 74, 85], 
[19, 24, 27, 28, 29, 30, 31, 41, 46, 62, 63, 71, 73], 

[18, 23, 26, 27, 31, 32, 40, 45, 61, 62], 
[25, 26, 30, 31, 44, 45, 50], 
[25, 28, 44, 45, 49, 88], 
[21, 27, 29, 43, 44, 61, 79, 81, 87], 
[20, 28, 60, 78, 80, 86, 89], 

[32, 51, 59, 88], 
[31, 41, 50, 55, 58, 65, 69, 86, 90, 101], 
[40, 45, 49, 54, 55, 64, 68, 74, 85, 89, 100], 
[33, 42, 44, 53, 54, 73, 85, 103], 
[32, 36, 41, 48, 52, 62, 84, 102], 

[35, 39, 47, 48, 61, 72, 75, 82, 87, 101], 
[38, 47, 71, 74, 81, 86, 100, 106], 
[46, 85, 92, 105], 
[44, 62, 81, 91, 95, 103], 
[43, 61, 80, 90, 93, 94, 102], 

[34, 90, 92], 
[33, 54, 66, 89, 91, 92, 95, 98], 
[53, 65, 77, 83, 91, 94, 97], 
[54, 63, 76, 82, 93], 
[52, 53, 62, 66], 

[41, 51, 65, 108, 111, 113], 
[40, 50, 73, 80, 107, 110, 112], 
[72, 79, 84, 91], 
[47, 59, 83, 90, 103], 
[43, 46, 58, 77, 88, 102, 105], 

[42, 45, 52, 59, 69, 76, 85, 87, 102, 104, 120], 
[46, 51, 58, 66, 68, 84, 90, 97, 101, 117, 119], 
[45, 65, 73, 87, 89, 96, 106, 116], 
[45, 72, 78, 86, 91, 98, 105, 111], 
[44, 64, 77, 81, 90, 96, 97, 105, 109, 110], 

[51, 53, 62, 63, 67, 80, 95, 104, 108], 
[50, 52, 59, 61, 66, 83, 102, 114, 118], 
[58, 65, 80, 82, 98, 100, 101, 105, 113, 117, 122], 
[57, 60, 79, 95, 97, 98, 99, 100, 104, 121, 123], 
[59, 62, 71, 82, 94, 97, 98, 103, 122], 

[61, 69, 70, 78, 81, 84, 99], 
[68, 71, 72, 77, 83, 98, 103], 
[67, 70, 71, 102, 105], 
[69, 73, 101, 104, 131], 
[69, 72, 89, 100, 101, 109, 126, 130], 

[68, 71, 85, 88, 100, 102, 108, 125], 
[82, 84, 101, 107, 108, 124, 125], 
[72, 81, 84, 88, 89, 107, 124], 
[71, 83, 87, 88, 89, 91, 119, 133], 
[88, 90, 105, 114, 118, 132, 137], 

[62, 66, 87, 88, 94, 95, 103, 104, 113, 116, 121, 131, 136, 140], 
[61, 65, 81, 87, 93, 94, 96, 102, 103, 115, 120, 134, 136, 139], 
[64, 69, 79, 80, 86, 92, 95, 101, 114, 119, 133, 135, 140], 
[63, 68, 78, 89, 91, 100, 101, 134, 139], 
[80, 85, 88, 93, 100, 120, 129], 

[67, 79, 83, 84, 87, 92, 99, 119, 128, 134], 
[66, 82, 124, 127, 133], 
[76, 96, 97, 122, 123, 125, 133, 141], 
[75, 85, 95, 96, 121, 122, 124, 129, 132, 140], 
[84, 94, 113, 121, 128], 

[76, 84, 112, 148, 149], 
[75, 83, 124, 132, 147, 148], 
[76, 110, 123, 124, 131, 143, 146], 
[75, 87, 100, 109, 123, 142], 
[86, 99, 102, 119, 124, 126], 

[101, 118, 123, 125], 
[82, 100, 121, 124, 155], 
[81, 87, 120, 140, 143, 154], 
[86, 99, 115, 126, 132, 139, 142, 148, 158], 
[81, 98, 102, 105, 114, 125, 131, 137, 141, 147, 150, 157], 

[80, 101, 104, 117, 136, 140, 145, 149, 150], 
[88, 100, 108, 109, 116, 144, 149, 157], 
[87, 89, 107, 108, 155, 156], 
[88, 107, 112, 113, 115, 127, 154], 
[96, 97, 106, 108, 111, 112, 114, 116, 126, 137, 153], 

[95, 96, 107, 115, 119, 136, 165], 
[94, 114, 118, 124, 144, 158, 164], 
[106, 123, 143, 157], 
[105, 109, 133, 143, 152], 
[104, 108, 132, 136, 141, 142, 144, 145, 151], 

[94, 135, 140, 143, 144, 150], 
[93, 100, 112, 119, 145, 149, 150, 163], 
[99, 108, 111, 118, 129, 144, 148, 149, 162, 166], 
[98, 102, 106, 107, 128, 147, 155, 161, 165], 
[101, 103, 105, 141, 146, 154, 163], 

[102, 130, 140, 147, 153, 154, 162, 173], 
[100, 101, 120, 125, 129, 146, 152, 153, 161, 164, 172, 174], 
[99, 119, 124, 145, 163, 169, 173, 175], 
[155, 156, 162, 168, 174], 
[101, 103, 118, 144, 154, 155, 160, 163], 

[100, 102, 108, 117, 120, 130, 135, 143, 157, 159, 162, 166, 170], 
[107, 119, 129, 134, 149, 156, 161, 165, 169], 
[113, 118, 129, 148, 164, 171], 
[112, 117, 127, 128, 130, 140, 163, 170, 182, 183], 
[121, 126, 129, 130, 132, 139, 162, 180, 181, 182], 

[120, 129, 131, 137, 149, 161, 179], 
[112, 134, 136, 148, 157, 159, 172], 
[111, 119, 133, 135, 156, 158, 166, 171, 187], 
[110, 111, 118, 132, 142, 146, 159, 165, 171, 186], 
[110, 120, 121, 131, 132, 141, 145, 158, 163, 170, 182], 

[119, 120, 130, 131, 162, 172, 181], 
[129, 161, 164, 171, 180], 
[128, 136, 163], 
[124, 135, 136, 157, 167, 180, 191], 
[117, 123, 134, 135, 139, 156, 161, 166, 179, 189, 190, 194], 

[116, 122, 133, 138, 139, 160, 169, 188, 193], 
[122, 138, 141, 147, 154, 168], 
[119, 121, 127, 140, 146, 153, 165, 167, 174, 193, 197], 
[118, 126, 147, 149, 164, 168, 173, 176, 180, 187, 192, 196], 
[140, 146, 148, 165, 167, 169, 175, 179, 186, 192], 

[139, 155, 164, 166, 168, 181, 185, 191, 197], 
[133, 136, 141, 145, 151, 154, 163, 180, 184, 193, 196], 
[132, 135, 138, 140, 144, 150, 167, 171, 192, 195], 
[131, 134, 137, 139, 143, 149, 152, 161, 166, 170, 176], 
[126, 136, 142, 151, 158, 160, 175, 189, 198], 

[125, 133, 141, 148, 157, 159, 188, 189, 191, 194, 197, 198], 
[132, 140, 147, 154, 160, 163, 171, 174, 188, 190, 193, 197], 
[153, 157, 159, 162, 170, 173, 183], 
[138, 156, 158, 160, 172, 174, 182, 190], 
[137, 141, 155, 159, 173, 178, 184, 186, 189], 

[140, 143, 149, 163, 167, 172, 173, 177, 183, 185], 
[142, 147, 148, 151, 162, 166, 172, 175, 176, 182, 184], 
[136, 146, 150, 168, 170, 171, 174, 182], 
[135, 137, 158, 167, 169, 170, 177, 181, 190], 
[136, 138, 157, 166, 168, 172, 176, 189, 192], 

[137, 159, 164, 171, 191], 
[158, 163, 171, 174, 190], 
[170, 173], 
[169, 191, 197], 
[145, 154, 159, 190, 196, 198], 

[144, 151, 153, 158, 161, 189, 195, 197], 
[144, 150, 160, 173, 193], 
[143, 144, 149, 168, 171, 172, 192], 
[143, 167, 170, 191], 
[161, 169, 171, 193], 

[160, 170, 192], 
[148, 159, 169, 192], 
[147, 158, 191], 
[155, 165, 166], 
[154, 164, 165, 169, 174, 180], 

[154, 166, 168, 173, 176, 179], 
[153, 160, 165, 175, 178, 183, 187], 
[158, 159, 162, 174, 182, 185, 186], 
[155, 157, 161, 166, 181, 184], 
[154, 165], 

[162, 180], 
[158, 161, 179], 
[157, 160, 165, 166, 178, 180], 
[164, 165, 179], 
[]]

2021-06-29 13:31:55,512 RNA_Connect_Alg WARNING: dpnew结果为 178.
2021-06-29 13:31:55,512 RNA_Connect_Alg WARNING: conn_permit 为 [[18, 20], [5, 7, 16, 17, 19], [4, 6, 15, 18, 19, 32, 42], [6, 14, 18, 28, 31, 41], [2, 5, 27, 28, 31, 34, 44], [1, 4, 22, 23, 27, 30, 33, 39, 43], [2, 3, 21, 22, 26, 38], [1, 18, 21, 37, 42], [17, 41], [40], [39], [38], [23, 28, 41, 51], [22, 27, 37, 40, 50], [3, 22, 35, 36, 49], [2, 21, 34, 41, 44], [1, 20, 40, 43, 48], [1, 8, 28, 35, 39, 47, 48], [0, 2, 3, 7, 27, 30, 34, 47, 55], [1, 2, 29, 42, 54], [0, 16, 37, 41, 59], [6, 7, 15, 32, 36, 40, 47, 49, 58], [5, 6, 13, 14, 31, 46, 48], [5, 12, 27, 30, 55], [26, 47, 54], [28, 46, 56, 57], [6, 24, 27, 41, 55, 56], [4, 5, 13, 18, 23, 26, 40, 54, 55, 58], [3, 4, 12, 17, 25, 53, 54, 57, 59], [19, 48, 52, 54, 58], [5, 18, 23, 47, 51, 53, 54, 56], [3, 4, 22, 53, 54, 55, 56, 61], [2, 21, 42, 53, 55, 60, 64], [5, 41, 52, 53, 63, 71], [4, 15, 18, 51, 52, 70], [14, 17, 50, 65], [14, 21, 43, 53, 64], [7, 13, 20, 42, 52], [6, 11, 66], [5, 10, 17, 50, 65], [9, 13, 16, 21, 27, 49, 55, 62, 76], [3, 8, 12, 15, 20, 26, 33, 46, 48, 54, 61, 64, 75], [2, 7, 19, 32, 37, 45, 63, 80], [5, 16, 36, 58, 69, 79], [4, 15, 48, 56, 57, 58, 63, 68, 84], [42, 47, 48, 55, 56, 57, 62, 80, 82, 83], [22, 25, 41, 47, 54, 67, 79, 81], [17, 18, 21, 24, 30, 45, 46, 65, 66, 78], [16, 17, 22, 29, 41, 44, 45, 64, 65], [14, 21, 40, 53, 57, 62], [13, 35, 39, 52, 56, 61, 76, 86], [12, 30, 34, 60, 75, 81, 85], [29, 33, 34, 37, 50, 64, 74, 80, 86], [28, 30, 31, 32, 33, 36, 49, 63, 72, 74, 85], [19, 24, 27, 28, 29, 30, 31, 41, 46, 62, 63, 71, 73], [18, 23, 26, 27, 31, 32, 40, 45, 61, 62], [25, 26, 30, 31, 44, 45, 50], [25, 28, 44, 45, 49, 88], [21, 27, 29, 43, 44, 61, 79, 81, 87], [20, 28, 60, 78, 80, 86, 89], [32, 51, 59, 88], [31, 41, 50, 55, 58, 65, 69, 86, 90, 101], [40, 45, 49, 54, 55, 64, 68, 74, 85, 89, 100], [33, 42, 44, 53, 54, 73, 85, 103], [32, 36, 41, 48, 52, 62, 84, 102], [35, 39, 47, 48, 61, 72, 75, 82, 87, 101], [38, 47, 71, 74, 81, 86, 100, 106], [46, 85, 92, 105], [44, 62, 81, 91, 95, 103], [43, 61, 80, 90, 93, 94, 102], [34, 90, 92], [33, 54, 66, 89, 91, 92, 95, 98], [53, 65, 77, 83, 91, 94, 97], [54, 63, 76, 82, 93], [52, 53, 62, 66], [41, 51, 65, 108, 111, 113], [40, 50, 73, 80, 107, 110, 112], [72, 79, 84, 91], [47, 59, 83, 90, 103], [43, 46, 58, 77, 88, 102, 105], [42, 45, 52, 59, 69, 76, 85, 87, 102, 104, 120], [46, 51, 58, 66, 68, 84, 90, 97, 101, 117, 119], [45, 65, 73, 87, 89, 96, 106, 116], [45, 72, 78, 86, 91, 98, 105, 111], [44, 64, 77, 81, 90, 96, 97, 105, 109, 110], [51, 53, 62, 63, 67, 80, 95, 104, 108], [50, 52, 59, 61, 66, 83, 102, 114, 118], [58, 65, 80, 82, 98, 100, 101, 105, 113, 117, 122], [57, 60, 79, 95, 97, 98, 99, 100, 104, 121, 123], [59, 62, 71, 82, 94, 97, 98, 103, 122], [61, 69, 70, 78, 81, 84, 99], [68, 71, 72, 77, 83, 98, 103], [67, 70, 71, 102, 105], [69, 73, 101, 104, 131], [69, 72, 89, 100, 101, 109, 126, 130], [68, 71, 85, 88, 100, 102, 108, 125], [82, 84, 101, 107, 108, 124, 125], [72, 81, 84, 88, 89, 107, 124], [71, 83, 87, 88, 89, 91, 119, 133], [88, 90, 105, 114, 118, 132, 137], [62, 66, 87, 88, 94, 95, 103, 104, 113, 116, 121, 131, 136, 140], [61, 65, 81, 87, 93, 94, 96, 102, 103, 115, 120, 134, 136, 139], [64, 69, 79, 80, 86, 92, 95, 101, 114, 119, 133, 135, 140], [63, 68, 78, 89, 91, 100, 101, 134, 139], [80, 85, 88, 93, 100, 120, 129], [67, 79, 83, 84, 87, 92, 99, 119, 128, 134], [66, 82, 124, 127, 133], [76, 96, 97, 122, 123, 125, 133, 141], [75, 85, 95, 96, 121, 122, 124, 129, 132, 140], [84, 94, 113, 121, 128], [76, 84, 112, 148, 149], [75, 83, 124, 132, 147, 148], [76, 110, 123, 124, 131, 143, 146], [75, 87, 100, 109, 123, 142], [86, 99, 102, 119, 124, 126], [101, 118, 123, 125], [82, 100, 121, 124, 155], [81, 87, 120, 140, 143, 154], [86, 99, 115, 126, 132, 139, 142, 148, 158], [81, 98, 102, 105, 114, 125, 131, 137, 141, 147, 150, 157], [80, 101, 104, 117, 136, 140, 145, 149, 150], [88, 100, 108, 109, 116, 144, 149, 157], [87, 89, 107, 108, 155, 156], [88, 107, 112, 113, 115, 127, 154], [96, 97, 106, 108, 111, 112, 114, 116, 126, 137, 153], [95, 96, 107, 115, 119, 136, 165], [94, 114, 118, 124, 144, 158, 164], [106, 123, 143, 157], [105, 109, 133, 143, 152], [104, 108, 132, 136, 141, 142, 144, 145, 151], [94, 135, 140, 143, 144, 150], [93, 100, 112, 119, 145, 149, 150, 163], [99, 108, 111, 118, 129, 144, 148, 149, 162, 166], [98, 102, 106, 107, 128, 147, 155, 161, 165], [101, 103, 105, 141, 146, 154, 163], [102, 130, 140, 147, 153, 154, 162, 173], [100, 101, 120, 125, 129, 146, 152, 153, 161, 164, 172, 174], [99, 119, 124, 145, 163, 169, 173, 175], [155, 156, 162, 168, 174], [101, 103, 118, 144, 154, 155, 160, 163], [100, 102, 108, 117, 120, 130, 135, 143, 157, 159, 162, 166, 170], [107, 119, 129, 134, 149, 156, 161, 165, 169], [113, 118, 129, 148, 164, 171], [112, 117, 127, 128, 130, 140, 163, 170, 182, 183], [121, 126, 129, 130, 132, 139, 162, 180, 181, 182], [120, 129, 131, 137, 149, 161, 179], [112, 134, 136, 148, 157, 159, 172], [111, 119, 133, 135, 156, 158, 166, 171, 187], [110, 111, 118, 132, 142, 146, 159, 165, 171, 186], [110, 120, 121, 131, 132, 141, 145, 158, 163, 170, 182], [119, 120, 130, 131, 162, 172, 181], [129, 161, 164, 171, 180], [128, 136, 163], [124, 135, 136, 157, 167, 180, 191], [117, 123, 134, 135, 139, 156, 161, 166, 179, 189, 190, 194], [116, 122, 133, 138, 139, 160, 169, 188, 193], [122, 138, 141, 147, 154, 168], [119, 121, 127, 140, 146, 153, 165, 167, 174, 193, 197], [118, 126, 147, 149, 164, 168, 173, 176, 180, 187, 192, 196], [140, 146, 148, 165, 167, 169, 175, 179, 186, 192], [139, 155, 164, 166, 168, 181, 185, 191, 197], [133, 136, 141, 145, 151, 154, 163, 180, 184, 193, 196], [132, 135, 138, 140, 144, 150, 167, 171, 192, 195], [131, 134, 137, 139, 143, 149, 152, 161, 166, 170, 176], [126, 136, 142, 151, 158, 160, 175, 189, 198], [125, 133, 141, 148, 157, 159, 188, 189, 191, 194, 197, 198], [132, 140, 147, 154, 160, 163, 171, 174, 188, 190, 193, 197], [153, 157, 159, 162, 170, 173, 183], [138, 156, 158, 160, 172, 174, 182, 190], [137, 141, 155, 159, 173, 178, 184, 186, 189], [140, 143, 149, 163, 167, 172, 173, 177, 183, 185], [142, 147, 148, 151, 162, 166, 172, 175, 176, 182, 184], [136, 146, 150, 168, 170, 171, 174, 182], [135, 137, 158, 167, 169, 170, 177, 181, 190], [136, 138, 157, 166, 168, 172, 176, 189, 192], [137, 159, 164, 171, 191], [158, 163, 171, 174, 190], [170, 173], [169, 191, 197], [145, 154, 159, 190, 196, 198], [144, 151, 153, 158, 161, 189, 195, 197], [144, 150, 160, 173, 193], [143, 144, 149, 168, 171, 172, 192], [143, 167, 170, 191], [161, 169, 171, 193], [160, 170, 192], [148, 159, 169, 192], [147, 158, 191], [155, 165, 166], [154, 164, 165, 169, 174, 180], [154, 166, 168, 173, 176, 179], [153, 160, 165, 175, 178, 183, 187], [158, 159, 162, 174, 182, 185, 186], [155, 157, 161, 166, 181, 184], [154, 165], [162, 180], [158, 161, 179], [157, 160, 165, 166, 178, 180], [164, 165, 179], []]
2021-06-29 15:01:45,723 RNA_Connect_Alg WARNING: ----------
2021-06-29 15:01:45,723 RNA_Connect_Alg WARNING: dpnew结果为 180.
2021-06-29 15:01:45,723 RNA_Connect_Alg WARNING: conn_permit 为 [[5, 20, 21, 29], [4, 5, 19, 20, 28, 35], [3, 4, 14, 21, 34, 35], [2, 8, 13, 20, 23, 34, 40], [1, 2, 7, 9, 10, 14, 19, 22, 38, 39], [0, 1, 8, 9, 12, 13, 28, 31, 37, 40], [11, 27, 30, 33, 39], [4, 26, 32], [3, 5, 25, 39], [4, 5, 31, 38, 46], [4, 30, 37, 45], [6, 26, 28], [5, 23, 25, 27, 28, 38, 44, 52], [3, 5, 22, 27, 37, 43, 51], [2, 4, 21], [20, 40, 45, 54], [21, 35, 38, 39, 44, 53], [20, 31, 34, 37, 39, 51], [30, 33, 35, 38, 50, 51], [1, 4, 27, 34, 50, 55], [0, 1, 3, 15, 17, 26, 41, 45, 49, 54], [0, 2, 14, 16, 40, 43, 44, 58, 61], [4, 13, 36, 42, 47, 57, 60, 61], [3, 12, 35, 46, 59, 60], [34, 39], [8, 12, 38, 50, 62], [7, 11, 20, 30, 44, 49, 53, 61], [6, 12, 13, 19, 29, 39, 43, 52], [1, 5, 11, 12, 38], [0, 27, 40], [6, 10, 18, 26, 39, 42, 58], [5, 9, 17, 41, 48, 57, 67, 70], [7, 41, 47, 50, 59, 66, 69], [6, 18, 40, 49, 58, 65], [2, 3, 17, 19, 24, 45], [1, 2, 16, 18, 23, 44, 51, 53, 60, 65], [22, 43, 47, 50, 52, 59, 64, 71], [5, 10, 13, 17, 42, 46, 49, 53, 70], [4, 9, 12, 16, 18, 25, 28, 52, 59, 69], [4, 6, 8, 16, 17, 24, 27, 30, 58, 62], [3, 5, 15, 21, 29, 33, 57, 61, 77, 79], [20, 31, 32, 56, 76, 78], [22, 30, 37, 71, 77, 82], [13, 21, 27, 36, 67, 70, 81], [12, 16, 21, 26, 35, 61, 63, 65, 66, 69, 80], [10, 15, 20, 34, 53, 60, 62, 64, 71], [9, 23, 37, 51, 52, 60, 61, 63, 70, 78], [22, 32, 36, 50, 59, 69, 77], [31, 68, 76, 81], [20, 26, 33, 37, 56, 57, 80], [18, 19, 25, 32, 36, 47, 55, 56, 59, 70], [13, 17, 18, 35, 46, 58, 60, 67, 69, 72, 74, 77], [12, 27, 36, 38, 46, 59, 66, 68, 71, 73, 76, 78], [16, 26, 35, 37, 45, 77], [15, 20, 90], [19, 50, 72, 88, 89], [41, 49, 50, 71, 87], [22, 31, 40, 49, 64, 80], [21, 30, 33, 39, 51, 63, 71, 79], [23, 32, 36, 38, 47, 50, 52, 70, 78], [22, 23, 35, 45, 46, 51, 69, 79, 80], [21, 22, 26, 40, 44, 46, 67, 78, 79], [25, 39, 45, 66, 78, 90], [44, 46, 58, 69, 89, 93], [36, 45, 57, 68, 81, 92, 102], [33, 35, 44, 73, 76, 80, 89, 91, 101], [32, 44, 52, 62, 72, 75, 79, 88, 94, 103], [31, 43, 51, 61, 87, 89, 93, 100, 102], [48, 52, 64, 88, 92, 99, 108], [32, 38, 44, 47, 51, 60, 63, 77, 89, 105, 107], [31, 37, 43, 46, 50, 59, 76, 88, 93, 104], [36, 42, 45, 52, 56, 58, 92, 109], [51, 55, 66, 108], [52, 65, 77], [51, 76, 78, 93, 98, 100], [66, 77, 85, 91, 92, 97, 99, 103], [41, 48, 52, 65, 70, 74, 84, 86, 90, 91, 98, 102], [40, 42, 47, 51, 53, 69, 73, 75, 85], [41, 46, 52, 59, 61, 62, 74, 91, 92, 101], [40, 58, 60, 61, 66, 90, 91, 100, 101, 105], [44, 49, 57, 60, 65, 83, 87, 99, 100, 104], [43, 48, 64, 82, 86, 99, 108], [42, 81, 98, 107], [80, 93, 97, 106, 111], [76, 92, 96, 99, 110], [75, 77, 98, 109], [76, 81, 94, 97, 104, 108], [56, 67, 80, 93, 103, 109, 111, 112], [55, 66, 68, 70, 94, 97, 107, 108, 110, 111, 112], [55, 63, 65, 67, 69, 93, 96, 100, 106, 110, 111, 114, 118], [54, 62, 76, 79, 99, 108, 110, 113, 117, 125], [65, 75, 76, 78, 79, 94, 107, 124, 126, 127], [64, 68, 71, 75, 78, 84, 93, 123, 124, 125, 126], [63, 67, 70, 74, 83, 87, 89, 92, 123, 124, 127, 131], [66, 86, 88, 91, 99, 119, 126, 130], [98, 104, 105, 118, 125, 131, 132], [84, 89, 103, 104, 124, 130, 131], [75, 83, 86, 88, 102, 106, 119, 126, 130], [74, 76, 82, 85, 95, 105, 108, 118, 122, 125], [68, 75, 80, 81, 84, 90, 94, 106, 107, 109, 117, 121, 132, 135], [67, 74, 79, 80, 89, 105, 108, 127, 131, 134], [65, 78, 79, 107, 126, 130], [64, 67, 76, 97, 125, 129], [66, 75, 87, 96, 114, 135, 142], [70, 80, 86, 95, 96, 113, 114, 125, 134, 141], [69, 79, 95, 98, 100, 113, 124, 140], [83, 89, 97, 99, 139, 145], [69, 82, 88, 91, 99, 101, 129, 138, 144], [68, 72, 81, 86, 88, 90, 98, 100, 118, 122, 125, 128, 137], [71, 85, 87, 99, 117, 121, 124, 127, 129, 137], [84, 88, 89, 90, 117, 128, 131, 136], [83, 87, 88, 89, 116, 119, 127, 130, 142], [87, 88, 118, 126, 141, 151], [90, 104, 105, 140, 150, 152], [89, 103, 104, 123, 124, 125, 140, 151], [122, 123, 124, 128, 138, 139], [111, 122, 127, 129, 137, 144, 155], [90, 99, 109, 110, 124, 128, 139, 143, 154], [89, 95, 98, 108, 112, 123, 126, 137, 138], [94, 97, 111, 125, 127, 132, 136, 139, 151, 156], [124, 126, 131, 135, 138, 150, 155], [99, 109, 127, 130, 134, 153], [98, 108, 115, 116, 126, 136, 152], [92, 93, 114, 115, 118, 130, 135, 145, 147], [91, 92, 93, 96, 105, 109, 114, 115, 117, 120, 129, 144, 146, 148], [90, 92, 95, 98, 102, 104, 108, 114, 119, 143, 145, 147], [91, 92, 94, 97, 101, 112, 118, 120, 122, 138, 141, 142, 159], [91, 93, 100, 109, 111, 116, 119, 121, 137, 140, 150, 157, 158, 165], [108, 110, 115, 117, 131, 149, 156, 157, 164, 168], [102, 107, 109, 116, 124, 130, 133, 148, 166, 167], [94, 96, 97, 101, 111, 121, 123, 129, 132, 141, 154, 165, 166, 168], [93, 95, 96, 100, 110, 120, 128, 139, 140, 153, 164, 167], [95, 99, 119, 130, 138, 146, 150, 158, 162, 172], [129, 140, 145, 149, 152, 157, 161, 171], [100, 104, 121, 139, 151], [99, 103, 120, 123, 138, 170, 175], [110, 119, 122, 137, 160, 164, 169, 170, 174], [108, 109, 116, 118, 127, 136, 153, 159, 161, 163, 168, 169], [107, 115, 118, 120, 126, 132, 135, 151, 152, 160, 162, 167], [106, 115, 117, 119, 131, 134, 143, 144, 149, 150, 154, 161], [105, 113, 114, 127, 131, 133, 142, 143, 146, 148, 153, 160], [104, 112, 126, 130, 142, 145, 159], [103, 111, 126, 140, 141, 154, 158, 168], [117, 125, 139, 140, 153, 167], [107, 116, 124, 139, 168, 174, 184], [106, 123, 125, 133, 141, 167, 173, 183], [124, 132, 140, 152, 164, 181, 182], [123, 125, 151, 163, 180], [124, 129, 140, 165, 188], [128, 133, 139, 164, 180, 187], [113, 120, 127, 132, 139, 179, 185], [112, 114, 119, 134, 138, 147, 154, 161, 170, 184], [113, 122, 133, 138, 146, 153, 160, 169, 188], [121, 131, 137, 140, 143, 152, 157, 159, 161, 168, 172, 187], [117, 130, 139, 142, 151, 156, 160, 164, 171, 183, 190], [116, 120, 159, 163, 170, 178, 182, 189, 193], [119, 128, 154, 177, 180, 192], [127, 128, 133, 153, 166, 168, 178, 179], [127, 132, 142, 165, 167, 177, 178, 182], [126, 137, 141, 153, 155, 164, 171, 175, 177, 181], [136, 138, 140, 152, 154, 166, 170, 174, 180], [133, 137, 139, 151, 153, 165, 173, 181, 197, 199], [132, 138, 164, 170, 175, 180, 191, 194, 196, 198], [137, 147, 155, 169, 174, 190, 193], [128, 131, 136, 146, 149, 154, 159, 162, 198], [127, 130, 148, 158, 161, 168, 181, 191, 192, 197], [129, 130, 157, 160, 167, 180, 190, 191], [129, 131, 138, 143, 145, 158, 166], [128, 130, 137, 142, 144, 153, 157, 165, 187, 188], [136, 137, 152, 163, 186, 187, 195], [135, 136, 151, 155, 160, 162, 194, 196], [133, 154, 159, 190, 195, 196, 198], [132, 153, 182, 189, 195, 197], [145, 161, 176, 177, 181, 194, 196, 197], [136, 144, 160, 163, 175, 176, 188, 189, 196], [135, 159, 162, 174, 187, 188, 195, 197], [173, 174, 182, 183, 186, 196], [156, 158, 159, 173, 181, 182], [155, 157, 158, 190], [150, 157, 189], [147, 149, 156, 160, 162, 166, 185], [146, 159, 161, 165, 173, 177, 184], [146, 155, 158, 172, 176, 177, 186], [145, 154, 176, 185], [144, 151, 181], [150, 180, 183], [169, 176, 182, 192], [149, 153, 168, 169, 175, 191], [148, 152, 168, 174, 175], [155, 172, 174, 179], [154, 163, 166, 171, 178], [162, 165, 166, 187], [156, 165, 186], [155, 163], [162, 170, 173], [169, 171, 172, 175], [162, 170, 171, 173, 174, 176], [161, 165, 172, 173, 175], [162, 164, 171], [161]]
2021-06-29 16:53:07,787 RNA_Connect_Alg WARNING: ----------
2021-06-29 16:53:07,787 RNA_Connect_Alg WARNING: dpnew结果为 180.
2021-06-29 16:53:07,788 RNA_Connect_Alg WARNING: conn_permit 为 [[8, 28, 30, 35], [7, 24, 27, 29, 31, 34], [17, 23, 27, 30], [7, 8, 16, 21, 26, 31, 37], [6, 7, 20, 21, 25, 30, 36, 42, 43], [20, 24, 35, 39, 41, 42], [4, 19, 38, 41], [1, 3, 4, 15, 37], [0, 3, 14], [15, 16, 42], [14, 15, 41, 42], [41, 50], [40, 49, 51], [21, 28, 33, 49, 50, 51], [8, 10, 20, 27, 32, 33, 48, 50], [7, 9, 10, 32], [3, 9, 40, 42], [2, 29, 39, 41, 51], [28, 34, 50], [6, 33], [4, 5, 14, 26, 58], [3, 4, 13, 25, 37, 49, 57], [36, 38, 48, 57, 61], [2, 35, 37, 39, 47, 56, 60], [1, 5, 38, 50], [4, 21, 37, 49], [3, 20, 65], [1, 2, 14, 39, 64], [0, 13, 18, 32, 37, 38], [1, 17, 31, 36, 37, 57], [0, 2, 4, 45, 49, 56], [1, 3, 29, 44, 48, 64, 71], [14, 15, 28, 35, 36, 44, 55, 58, 63, 70], [13, 14, 19, 34, 35, 43, 47, 54, 57, 72], [1, 18, 33, 46, 53, 61, 71], [0, 5, 23, 32, 33, 57, 60, 70], [4, 22, 29, 32, 55, 56, 59, 61, 69], [3, 7, 21, 23, 25, 28, 29, 54, 60, 68], [6, 22, 24, 28, 49, 52, 68], [5, 17, 23, 27, 48, 51, 55, 67], [12, 16, 46, 47, 54, 77], [5, 6, 10, 11, 17, 45, 50, 62, 76], [4, 5, 9, 10, 16, 44, 49, 61], [4, 33, 49, 66, 71], [31, 32, 42, 48, 53, 56, 65, 70, 71], [30, 41, 52, 55, 69, 70], [34, 40, 84, 86], [23, 33, 40, 78, 83, 85], [14, 22, 31, 39, 44, 70, 77, 82], [12, 13, 21, 25, 30, 38, 42, 43, 69, 71], [11, 13, 14, 18, 24, 41, 70], [12, 13, 17, 39], [38, 45, 78], [34, 44, 70, 77, 88], [33, 37, 40, 69, 74, 83, 87], [32, 36, 39, 45, 58, 66, 73, 75, 77, 82, 83, 88, 94], [23, 30, 36, 44, 57, 65, 74, 76, 81, 82, 87, 88, 89, 93], [21, 22, 29, 33, 35, 56, 64, 87, 88, 94], [20, 32, 55, 72, 93], [36, 71, 82, 97], [23, 35, 37, 65, 68, 69, 81, 93, 96], [22, 34, 36, 42, 64, 67, 68, 74, 80, 86, 92], [41, 67, 73, 85], [32, 66, 72], [27, 31, 57, 61], [26, 44, 56, 60, 87], [43, 55, 63, 69, 86], [39, 61, 62, 68, 88], [37, 38, 60, 61, 67, 71, 87, 95, 99], [36, 45, 49, 54, 60, 66, 70, 73, 94, 98], [32, 35, 44, 45, 48, 50, 53, 69, 72, 93, 98, 102, 110], [31, 34, 43, 44, 49, 59, 68, 76, 97, 101, 109], [33, 58, 63, 70, 75, 76, 103], [55, 62, 69, 75, 85, 95, 98, 102], [54, 56, 61, 84, 87, 94, 97], [55, 72, 73, 83, 86], [41, 56, 71, 72, 93, 99], [40, 48, 53, 55, 90, 92, 95, 98], [47, 52, 89, 90, 94, 98], [89, 94, 97], [61, 88, 93, 107, 115], [56, 60, 92, 105, 106, 114, 116], [48, 55, 56, 59, 89, 99, 104, 115], [47, 54, 55, 75, 88, 98, 114, 115, 119], [46, 74, 87, 107, 111, 114, 118], [47, 62, 73, 96, 106, 110, 113, 117], [46, 61, 66, 75, 95, 100, 105], [54, 56, 57, 65, 68, 74, 84, 97, 99], [53, 55, 56, 57, 67, 80, 83, 96, 115, 125], [56, 78, 79, 82, 114, 124], [77, 78, 98, 101], [97, 100, 104, 106, 107, 123], [61, 77, 81, 96, 103, 105, 106, 122], [56, 58, 60, 70, 76, 80, 123], [55, 57, 69, 74, 78, 79, 122, 126], [68, 73, 77, 86, 113, 125], [60, 85, 88, 92, 112], [59, 71, 74, 79, 87, 91, 104], [69, 70, 73, 77, 78, 83, 90, 103, 111], [68, 76, 82, 87, 102, 110], [86, 91, 109], [71, 90, 130], [70, 73, 99, 106, 125, 129, 134], [72, 92, 98, 105, 120, 124, 133], [82, 91, 97, 119, 124, 136], [81, 86, 92, 103, 123, 126, 135], [81, 85, 91, 92, 102, 125, 133, 134], [80, 84, 91, 111, 127, 132, 138], [110, 126, 137, 140], [71, 100, 135, 139], [70, 85, 99, 108, 124, 130, 134], [84, 98, 107, 121, 123, 129, 137, 145, 149], [96, 120, 128, 130, 136, 144, 148], [85, 95, 123, 126, 129], [81, 83, 84, 89, 122, 125, 141, 151], [80, 82, 83, 88, 127, 138, 140, 150], [81, 126, 137, 139, 145], [85, 125, 127, 128, 138, 144, 145, 146], [84, 124, 126, 127, 144, 145], [83, 104, 127, 143, 144], [103, 112, 126, 129, 139, 140], [111, 125, 128, 138, 139, 142, 151], [92, 94, 114, 124, 126, 127, 130, 138, 141, 150], [91, 93, 105, 111, 113, 125, 129, 131], [89, 103, 104, 110, 118, 122, 130, 148], [88, 95, 102, 106, 114, 117, 121, 123, 129, 147, 159], [94, 105, 108, 113, 116, 118, 120, 122, 132, 133, 146, 153, 158], [107, 115, 117, 118, 119, 122, 131, 132, 152, 155, 157, 164], [112, 117, 121, 151, 152, 154, 156, 163], [102, 111, 113, 120, 123, 125, 135, 141, 146, 150, 151, 162], [101, 110, 112, 122, 124, 134, 138, 140, 145], [123, 127, 137, 140, 146], [107, 126, 127, 139, 145, 154], [103, 106, 126, 145, 153], [102, 106, 110, 130, 137, 144, 153, 161, 163, 168], [105, 109, 129, 136, 142, 143, 151, 152, 160, 162, 165, 167, 168], [104, 112, 135, 141, 150, 151, 159, 163, 164, 167], [108, 111, 116, 131, 134, 140, 162, 166, 170], [107, 115, 117, 121, 122, 130, 157, 169], [109, 116, 120, 121, 132, 147, 153, 156, 162], [108, 115, 120, 130, 131, 137, 146, 152, 161, 180], [114, 122, 129, 136, 149, 179], [121, 135, 148, 152, 182], [119, 135, 151, 162, 164, 181], [112, 117, 118, 119, 134, 161, 163], [111, 116, 117, 118, 130, 132, 133, 153, 156, 159, 160, 171, 183], [117, 126, 129, 131, 140, 152, 155, 158, 167, 170, 171, 182], [125, 139, 157, 166, 170, 181], [112, 124, 142, 154, 156, 162, 174], [111, 141, 153, 154, 161, 173, 175, 181], [115, 122, 129, 136, 153, 172, 174, 178, 180], [114, 121, 128, 129, 135, 136, 143, 152, 175, 176, 177, 183], [127, 128, 135, 140, 142, 146, 151, 162, 165, 170, 174, 175, 182, 188], [126, 133, 134, 139, 145, 149, 150, 161, 162, 164, 169, 181, 182, 187, 193], [128, 132, 148, 149, 159, 161, 175, 181, 192], [127, 146, 158, 166, 174, 195], [128, 139, 145, 148, 165, 194], [127, 138, 147, 168, 172, 179, 193], [126, 146, 155, 167, 171, 178, 187], [125, 136, 145, 154, 175, 185, 186], [135, 145, 164, 174, 178, 184, 185, 187], [134, 140, 144, 149, 153, 154, 163, 177, 181, 186, 187, 195, 199], [129, 135, 137, 139, 143, 148, 152, 153, 171, 176, 180, 186, 188, 194, 195, 198], [128, 134, 136, 144, 161, 170, 181, 185, 187, 190, 194], [127, 136, 143, 153, 160, 178, 180, 186, 189], [135, 152, 156, 177, 184], [137, 147, 155, 183, 187], [135, 136, 146, 158, 175, 182, 186, 188], [134, 135, 157, 174, 187], [138, 153, 173, 174, 191], [137, 146, 147, 152, 163, 172, 173, 190], [145, 146, 158, 162, 193, 199], [150, 157, 170, 179, 184, 192, 198], [149, 169, 170, 178, 183, 191, 192], [148, 150, 152, 155, 160, 168, 169, 177, 190, 191], [149, 151, 152, 154, 159, 167, 193, 194, 197], [151, 162, 192, 193, 196], [151, 161, 165, 174, 187, 189], [150, 158, 160, 164, 173, 186, 188], [141, 157, 172, 185, 186], [140, 150, 162, 164, 185], [143, 147, 149, 153, 154, 161, 163], [142, 146, 152, 153, 167, 192, 195], [145, 151, 166, 173, 191, 194], [160, 165, 172, 190], [159, 160, 163, 179, 180], [159, 161, 162, 164, 167, 178, 179], [153, 158, 160, 161, 163, 166, 168, 177, 198], [152, 162, 167, 178, 197], [164, 177, 196], [163, 170, 174, 184, 195], [169, 173, 174, 183, 194], [154, 172, 173, 176, 182], [153, 157, 171, 175, 176], [156, 162, 163, 175, 183, 191], [155, 161, 162, 182, 190], [176, 189], [175, 188], [162, 172, 187], [161, 171]]
2021-06-29 17:36:25,437 RNA_Connect_Alg WARNING: ----------
2021-06-29 17:36:25,438 RNA_Connect_Alg WARNING: dpnew结果为 182.
2021-06-29 17:36:25,438 RNA_Connect_Alg WARNING: conn_permit 为 [[9, 14, 31], [8, 11, 13, 29, 30], [7, 10, 21, 28, 40], [9, 20, 27, 29, 39], [28, 31, 35, 38, 39], [8, 21, 27, 30, 34, 38], [7, 20, 26, 37], [2, 6, 19, 22, 27, 33, 34], [1, 5, 21, 26, 32, 33], [0, 3, 31, 32, 41], [2, 17, 23, 25, 31, 40, 43, 48], [1, 16, 22, 24, 28, 42, 46, 47], [27, 45, 51], [1, 26, 50, 53], [0, 25, 52], [26, 36, 45, 51], [11, 25, 28, 35, 44, 50], [10, 26, 27, 49, 51], [25, 50], [7, 25, 28, 49, 56], [3, 6, 24, 27, 31, 48, 55], [2, 5, 8, 23, 29, 30, 48], [7, 11, 26, 28, 47, 54], [10, 21, 25, 28, 29, 37, 49, 53], [11, 20, 27, 28, 36, 48, 50, 52], [10, 14, 16, 18, 19, 23, 34, 45, 47, 49, 51, 60], [6, 8, 13, 15, 17, 22, 33, 44, 47, 48, 59], [3, 5, 7, 12, 17, 20, 24, 30, 46, 47], [2, 4, 11, 16, 19, 22, 23, 24, 29, 35, 57], [1, 3, 21, 23, 28, 34, 42, 50, 55, 56], [1, 5, 21, 27, 41, 49, 54, 57, 70], [0, 4, 9, 10, 20, 43, 45, 54, 56, 66, 69], [8, 9, 42, 44, 49, 53, 65, 68], [7, 8, 26, 43, 48, 49, 52, 66], [5, 7, 25, 29, 40, 42, 48, 55, 65], [4, 16, 28, 39, 54, 56, 57], [15, 24, 55, 56, 71, 76], [6, 23, 70, 75], [4, 5, 48, 69, 72, 78], [3, 4, 35, 46, 47, 71, 77], [2, 10, 34, 45, 59, 60, 76, 79], [9, 30, 51, 58, 59, 67, 75, 78], [11, 29, 32, 34, 46, 50, 61, 66, 77], [10, 31, 33, 45, 46, 49, 57, 58, 60, 63], [16, 26, 32, 45, 56, 57, 62, 64, 72], [12, 15, 25, 31, 40, 43, 44, 50, 55, 56, 63, 68, 71], [11, 27, 39, 42, 43, 49, 62, 67, 80, 86], [11, 22, 25, 26, 27, 39, 48, 79, 85, 87], [10, 20, 21, 24, 26, 33, 34, 38, 47, 52, 66, 86, 87], [17, 19, 23, 25, 30, 32, 33, 43, 46, 51, 53, 65, 75, 79, 86], [13, 16, 18, 24, 29, 42, 45, 52, 63, 73, 74, 78, 89, 90], [12, 15, 17, 25, 41, 49, 62, 72, 74, 76, 80, 87, 88, 89, 91], [14, 24, 33, 48, 50, 59, 63, 73, 75, 79, 86, 90, 92], [13, 23, 32, 49, 58, 62, 70, 74, 85, 91, 93], [22, 30, 31, 35, 59, 62, 69, 75, 90, 92], [20, 29, 34, 36, 45, 58, 61, 74, 80, 81, 89], [19, 29, 31, 35, 36, 44, 45, 60, 79, 80, 83], [28, 30, 35, 43, 44, 64, 66, 79, 82], [41, 43, 53, 55, 63, 65], [26, 40, 41, 52, 54, 62], [25, 40, 43, 56, 75], [42, 55, 74, 86], [44, 46, 51, 53, 54, 59, 78, 85], [43, 45, 50, 52, 58, 77, 94, 96], [44, 57, 77, 93, 95], [32, 34, 49, 58, 76, 90, 92], [31, 33, 42, 48, 57, 74, 75, 80, 81, 89], [41, 46, 73, 74, 79, 80, 99], [32, 45, 73, 78, 79, 80, 89, 98, 107], [31, 38, 54, 77, 79, 88, 106], [30, 37, 53, 94, 102, 108], [36, 39, 45, 93, 101, 103, 107], [38, 44, 51, 93, 99, 102, 111], [50, 52, 67, 68, 76, 79, 91, 92, 98, 104, 110, 113], [50, 51, 53, 55, 61, 66, 67, 75, 78, 85, 90, 91, 103, 112], [37, 41, 49, 52, 54, 60, 66, 74, 84, 85, 103, 107, 113], [36, 40, 51, 65, 73, 84, 101, 102, 106, 112], [39, 42, 63, 64, 69, 100, 101, 111, 116], [38, 41, 50, 62, 68, 74, 81, 84, 86, 105, 106, 115, 118], [40, 47, 49, 52, 56, 57, 67, 68, 69, 73, 80, 83, 85, 92, 104, 105, 109, 111, 114, 117], [46, 51, 55, 56, 66, 67, 68, 79, 82, 89, 91, 103, 108, 110, 116], [55, 66, 78, 86, 88, 95, 101], [57, 80, 85, 86, 87, 94, 100, 105, 115], [56, 79, 85, 98, 104, 108, 114, 121], [75, 76, 78, 87, 97, 103, 107, 113, 120], [47, 53, 62, 74, 75, 79, 82, 83, 86, 105], [46, 48, 49, 52, 61, 78, 81, 82, 85, 97, 104], [47, 48, 51, 82, 84, 96, 98, 103, 126], [51, 69, 81, 93, 97, 111, 114, 125], [50, 51, 55, 66, 68, 80, 92, 94, 110, 113, 128], [50, 52, 54, 65, 74, 91, 93, 127], [51, 53, 73, 74, 80, 90], [52, 54, 65, 73, 79, 89, 98, 103, 108, 128], [53, 64, 71, 72, 88, 90, 97, 102, 107, 112, 125, 127, 131], [63, 70, 82, 89, 101, 106, 107, 110, 111, 122, 124, 130], [64, 81, 103, 106, 109, 121, 125, 132, 134], [63, 87, 102, 124, 126, 131, 133], [84, 86, 88, 93, 103, 117, 125, 128], [68, 73, 83, 87, 92, 102, 116, 127, 133, 137], [67, 72, 115, 125, 132, 133, 136], [77, 82, 114, 122, 124, 129, 132, 134], [71, 76, 77, 81, 94, 106, 117, 121, 128, 133], [70, 72, 76, 93, 96, 98, 105, 116, 132, 135, 142], [71, 74, 75, 80, 84, 87, 92, 95, 97, 112, 126, 131, 134, 141], [73, 79, 83, 86, 111, 112, 125, 133], [78, 79, 82, 85, 102, 111, 118, 143], [69, 76, 78, 94, 95, 101, 117, 129, 142], [68, 71, 75, 84, 93, 94, 115, 116, 128, 135, 142], [70, 80, 83, 92, 114, 115, 134, 141], [79, 95, 134, 143, 148, 149], [73, 80, 89, 94, 133, 142, 147, 148], [72, 77, 79, 88, 94, 104, 105], [74, 76, 93, 103, 104, 140], [73, 75, 84, 89, 116, 129, 139, 152, 153], [79, 83, 88, 100, 108, 115, 128, 129, 151, 152], [78, 82, 99, 107, 108, 114, 121, 126, 127, 128, 136], [77, 80, 98, 102, 107, 113, 120, 125, 127, 135, 141], [79, 97, 101, 106, 123, 126, 128, 134, 140, 146, 148], [78, 105, 122, 127, 139, 145, 147], [139, 143, 146], [84, 116, 132, 138, 142], [83, 95, 101, 115, 131, 132, 134, 141], [94, 100, 118, 131, 133], [117, 126, 146], [94, 96, 100, 125, 145, 149], [88, 93, 95, 97, 99, 104, 116, 124, 132, 146, 148, 152, 157], [87, 96, 103, 115, 117, 123, 131, 145, 151, 154, 156], [90, 93, 98, 115, 116, 118, 138, 153, 155], [89, 92, 97, 101, 107, 114, 115, 117, 136, 137, 152], [100, 106, 113, 114, 135, 136, 163], [94, 148, 161, 162], [93, 96, 103, 121, 122, 126, 145, 147, 154, 160, 161, 165], [95, 99, 100, 102, 120, 121, 125, 137, 144, 145, 153, 154, 164], [96, 98, 99, 101, 104, 110, 122, 136, 144, 153, 157, 167], [95, 100, 103, 108, 109, 117, 121, 152, 156, 160, 166], [102, 107, 116, 129, 143, 159, 160, 162, 169, 170], [99, 115, 128, 129, 133, 142, 151, 159, 161, 168, 169], [98, 128, 132, 150, 151, 152, 167], [120, 127, 148, 150, 151, 168, 173], [113, 118, 119, 142, 147, 149, 166, 167, 169, 172], [112, 117, 141, 165, 168, 175, 176], [103, 108, 116, 121, 140, 152, 155, 174, 175, 179], [102, 106, 107, 110, 120, 136, 139, 151, 154, 178], [105, 109, 119, 135], [132, 133, 147, 174, 176, 184], [118, 124, 126, 131, 132, 146, 152, 173, 175, 183], [117, 119, 123, 125, 145, 151, 153, 155, 176, 184], [110, 118, 131, 139, 144, 152, 154, 175, 183], [109, 110, 117, 125, 130, 138, 151, 157, 174, 182, 186, 187], [109, 124, 139, 156, 173, 185, 186, 188], [137, 138, 179, 181, 184, 187], [114, 126, 136, 137, 138, 142, 146, 148, 157, 164, 170, 178, 180, 184, 186], [113, 114, 125, 128, 134, 137, 141, 145, 147, 155, 156, 163, 169, 175, 183, 190], [113, 127, 132, 133, 146, 154, 164, 174, 187, 189], [126, 131, 132, 142, 147, 153, 163, 166, 186, 191], [127, 141, 146, 152, 165, 187, 190], [126, 134, 149, 152, 162, 163, 164, 186, 189], [125, 133, 148, 151, 161, 162, 170, 172, 182, 185], [163, 164, 169, 171, 181, 187], [135, 136, 162, 163, 170, 176, 186, 194], [131, 134, 135, 162, 175, 177, 193, 194], [130, 131, 136, 157, 174, 176, 193], [130, 135, 156, 157, 159, 160, 169, 175, 196, 199], [129, 152, 154, 156, 158, 159, 168, 172, 173, 188, 191, 195, 198], [132, 151, 153, 156, 158, 167, 171, 172, 175, 187, 190, 194], [131, 140, 155, 166, 174], [134, 139, 154, 165, 198], [133, 137, 139, 164, 191, 197], [136, 138, 140, 163, 175, 190, 196], [135, 136, 139, 152, 158, 162, 174, 178, 184, 190], [135, 151, 157, 159, 173, 177, 183, 189, 196], [158, 164, 172, 176, 179, 186, 195], [139, 157, 163, 164, 171, 178, 184, 185, 194], [138, 145, 149, 163, 170, 183, 184, 185], [141, 144, 148, 153, 161, 165, 169, 184, 195], [140, 141, 145, 147, 152, 160, 162, 164, 168, 185, 194], [140, 144, 146, 159, 161, 171, 184], [160, 170], [142, 151, 169, 172], [141, 150, 171], [151, 190, 191], [150, 158, 189, 190, 196], [148, 157, 185, 188, 190, 195], [145, 147, 152, 170, 173, 184, 189], [144, 146, 150, 151, 169, 172, 173, 174, 176, 183, 198], [149, 157, 172, 173, 175, 182, 197], [148, 149, 151, 154, 156, 159, 171], [148, 150, 153, 155, 158, 164, 195], [149, 163, 182, 194], [153, 156, 170, 181, 183], [152, 155, 164, 168, 169, 180, 181, 182], [154, 163, 167, 180, 195], [194, 195, 198], [160, 161, 194, 197], [159, 160, 164, 172, 175, 188, 192, 193], [163, 171, 174, 182, 187, 191, 192], [162, 168, 170, 181], [167, 185, 193], [163, 166, 184, 192], [162]]
2021-06-29 19:33:33,513 RNA_Connect_Alg WARNING: ----------
2021-06-29 19:33:33,513 RNA_Connect_Alg WARNING: dpnew结果为 180.
2021-06-29 19:33:33,513 RNA_Connect_Alg WARNING: conn_permit 为 [[21, 27], [20, 26], [25], [15, 20, 21, 35, 36], [11, 14, 19, 20, 34, 35], [8, 10, 11, 13, 19, 32], [7, 10, 29, 31, 44], [6, 24, 28, 43], [5, 20, 22, 23, 26, 36, 40, 42], [15, 16, 19, 21, 25, 35, 39, 43], [5, 6, 14, 15, 27, 38, 42], [4, 5, 14, 26, 34, 45], [17, 33, 44], [5, 16, 32, 40, 42, 43], [4, 10, 11, 26, 39, 41, 52], [3, 9, 10, 25, 34, 43, 49, 51], [9, 13, 32, 33, 42, 48, 50], [12, 31, 33, 38, 41, 49], [22, 32, 37], [4, 5, 9, 21, 33, 48], [1, 3, 4, 8, 23, 25, 32, 47, 56], [0, 3, 9, 19, 22, 24, 25, 31, 40, 46, 55], [8, 18, 21, 24, 27, 38, 39, 61], [8, 20, 26, 37, 40, 43, 45, 50, 60], [7, 21, 22, 36, 39, 40, 42, 44, 49, 55], [2, 9, 15, 20, 21, 39, 51, 54], [1, 8, 11, 14, 23, 34, 37, 48, 50, 51], [0, 10, 22, 33, 36, 47, 50], [7, 32], [6, 31], [39], [6, 17, 21, 29, 38, 48, 60], [5, 13, 16, 18, 20, 28, 39, 47, 59, 68, 69], [12, 16, 17, 19, 27, 38, 45, 46, 67, 68], [4, 11, 15, 26, 44, 46, 57, 59], [3, 4, 9, 43, 45, 56, 58, 70, 71, 75], [3, 8, 24, 27, 42, 44, 55, 67, 69, 70, 74], [18, 23, 26, 52, 54, 60, 66, 68], [10, 17, 22, 31, 33, 49, 51, 59, 73], [9, 14, 22, 24, 25, 30, 32, 48, 72], [8, 13, 21, 23, 24, 49, 51, 60, 66], [14, 17, 48, 50, 51, 57, 59, 65, 66, 74, 75, 78], [8, 10, 13, 16, 24, 36, 50, 56, 65, 73, 74, 77], [7, 9, 13, 15, 23, 35, 67, 72], [6, 12, 24, 34, 36, 48, 65, 66, 75], [11, 23, 33, 35, 47, 51, 60, 64, 74], [21, 33, 34, 50, 59, 63, 80], [20, 27, 32, 45, 58, 73, 79], [16, 19, 26, 31, 39, 41, 44, 53, 64, 65, 72, 78, 85, 86], [15, 17, 24, 38, 40, 52, 63, 64, 77, 84, 85], [16, 23, 26, 27, 41, 42, 46, 62, 67, 73, 83, 88], [15, 25, 26, 38, 40, 41, 45, 58, 66, 72, 78, 87], [14, 37, 49, 56, 57, 65, 69, 77, 89], [48, 55, 56, 68, 88, 91], [25, 37, 67, 78, 83, 90], [21, 24, 36, 53, 76, 77, 82, 94], [20, 35, 42, 52, 53, 75, 76, 81, 84, 93, 96], [34, 41, 52, 74, 83, 92, 95], [35, 47, 51, 64], [32, 34, 38, 41, 46, 63], [23, 31, 37, 40, 45, 96], [22, 72, 77, 79, 82, 88, 95, 96], [50, 71, 76, 78, 81, 87, 95], [46, 49, 59], [45, 48, 49, 58, 68, 70], [41, 42, 44, 48, 52, 67, 69, 78, 96, 105], [37, 40, 41, 44, 51, 69, 77, 79, 94, 95, 96, 104], [33, 36, 43, 50, 54, 65, 68, 78, 93, 95, 96, 102], [32, 33, 37, 53, 64, 67, 89, 95, 101, 104], [32, 36, 52, 65, 66, 88, 103], [35, 36, 64, 77, 83, 106], [35, 62, 76, 77, 82, 94, 101, 105], [39, 43, 48, 51, 61, 76, 78, 79, 87, 93, 100], [38, 42, 47, 50, 77, 78, 86, 92, 94, 100, 103], [36, 41, 42, 45, 57, 76, 85, 93, 99, 102, 104, 106], [35, 41, 44, 56, 98, 101, 103, 105, 111], [55, 56, 62, 71, 72, 74, 102, 107, 110], [42, 49, 52, 55, 61, 66, 70, 71, 73, 101, 103, 106, 111, 117], [41, 48, 51, 54, 62, 65, 67, 72, 73, 89, 96, 102, 105, 110, 114, 116], [47, 61, 66, 72, 86, 88, 95, 101, 104, 110, 113, 115], [46, 85, 100, 109], [56, 62, 88, 89, 108], [55, 61, 71, 87, 88, 99, 107], [50, 54, 57, 70, 87, 98, 106, 108, 121], [49, 56, 97, 99, 104, 105, 107, 120], [48, 49, 74, 80, 96, 98, 103, 110, 114], [48, 73, 79, 97, 102, 109, 113], [51, 62, 72, 82, 83, 94, 95, 102, 126], [50, 53, 61, 69, 79, 81, 82, 93, 94, 101, 112, 125], [52, 68, 78, 81, 110, 111], [54, 104, 109, 111, 117], [53, 103, 110, 116], [57, 73, 102, 132], [56, 67, 72, 74, 88, 119, 129, 131], [55, 66, 71, 73, 87, 88, 118, 128, 130, 131], [57, 61, 62, 66, 67, 68, 79, 87, 130, 134], [56, 60, 61, 65, 66, 67, 78, 85, 123, 124, 133], [84, 86, 106, 108, 112, 113, 122, 123], [75, 83, 85, 105, 106, 107, 111, 112, 122], [74, 82, 84, 105, 115, 123, 125], [72, 73, 80, 114, 122, 124, 127, 131], [68, 71, 75, 77, 79, 88, 113, 126, 130], [67, 74, 76, 78, 86, 87, 92, 113, 114, 120, 129], [69, 73, 75, 77, 85, 91, 112, 113, 119, 142], [66, 68, 74, 79, 84, 90, 108, 118, 119, 124, 127, 139, 140, 141], [65, 71, 75, 78, 84, 98, 99, 107, 118, 120, 123, 126, 138, 139, 140], [70, 74, 77, 83, 97, 98, 119, 133, 138], [76, 82, 84, 98, 105, 118, 128, 130, 132, 135], [81, 83, 97, 104, 127, 129, 134], [80, 86, 90, 112, 123, 149], [76, 78, 79, 85, 89, 91, 111, 122, 123, 139, 148], [75, 77, 89, 90, 98, 110, 121, 122, 138], [88, 97, 98, 103, 109, 124, 130, 137, 142], [79, 86, 97, 101, 102, 103, 123, 129, 134, 141, 147], [78, 85, 100, 102, 132, 133, 141, 146], [79, 99, 119, 131, 140, 143, 144], [78, 91, 118, 130, 133, 142, 143], [77, 90, 132, 141, 142, 151], [94, 104, 105, 107, 116, 140, 141, 150], [93, 103, 104, 106, 115, 140, 149, 151, 153], [84, 102, 105, 139, 145, 148, 150, 152], [83, 111, 137, 144], [97, 98, 100, 110, 111, 136, 154], [96, 97, 99, 105, 109, 110, 113, 127, 130, 135, 153], [96, 100, 104, 112, 126, 129, 134, 141, 143, 144, 145], [88, 99, 140, 142, 143, 144, 156], [87, 101, 105, 124, 129, 142, 155, 156], [100, 104, 108, 123, 128, 137, 154, 155, 157], [94, 107, 127, 136, 142, 153, 156, 166], [93, 102, 108, 113, 124, 126, 134, 141, 157, 158, 165], [94, 95, 101, 107, 112, 116, 123, 133, 156, 157, 164, 166], [93, 94, 100, 115, 154, 157, 165, 171], [92, 107, 114, 117, 153, 156, 159, 164, 170], [96, 106, 114, 116, 130, 139, 158, 161, 163, 164, 169], [95, 108, 113, 124, 129, 138, 157, 160, 163], [107, 123, 139, 159, 163], [122, 128, 138, 159, 162, 166], [112, 121, 127, 148, 152, 158, 159, 165], [105, 106, 111, 134, 136, 141, 147, 149, 150, 151, 157, 158, 162, 169, 176], [104, 105, 110, 120, 133, 135, 140, 146, 148, 149, 150, 161, 168, 175], [104, 105, 115, 118, 119, 125, 139, 147, 162, 167, 170], [104, 113, 114, 117, 118, 124, 129, 138, 146, 161, 169, 173, 175], [103, 112, 116, 117, 125, 126, 128, 151, 152, 172, 174, 182], [115, 116, 124, 125, 149, 150, 151, 159, 170, 173, 181], [115, 121, 124, 125, 148, 158, 166, 169], [120, 124, 165], [114, 139, 141, 161, 172], [113, 138, 140, 152, 160, 171], [110, 120, 137, 139, 144, 151, 153, 183], [109, 119, 138, 139, 143, 150, 152, 174, 176, 182, 184], [118, 120, 138, 139, 143, 149, 156, 173, 175, 182, 183], [117, 119, 138, 142, 143, 148, 155, 177, 181], [120, 137, 142, 147, 149, 154, 158, 160, 176, 180, 187], [119, 123, 128, 132, 148, 157, 158, 159, 163, 165, 169, 175, 181, 186], [122, 127, 131, 152, 157, 158, 162, 164, 168, 180, 185], [126, 127, 151, 167, 182, 184, 188], [125, 126, 128, 130, 132, 150, 181, 183, 187, 196], [127, 129, 130, 131, 134, 138, 153, 154, 173, 193, 195], [129, 133, 137, 138, 144, 152, 153, 154, 163, 164, 172, 192, 198], [132, 135, 136, 137, 143, 153, 162, 163, 180, 197], [134, 147, 152, 162, 179, 193], [133, 139, 141, 146, 173, 178, 192], [136, 138, 140, 154, 159, 160, 172, 191], [133, 134, 135, 153, 158, 159, 185], [130, 132, 133, 154, 158, 180, 184], [129, 131, 137, 145, 153, 179, 185], [128, 130, 136, 144, 184, 198], [140, 155, 190, 197, 199], [139, 154, 189, 198], [133, 138, 141, 144, 153, 184, 188, 199], [132, 140, 143, 183, 184, 188, 191, 198], [131, 147, 183, 185, 187, 190], [142, 146, 158, 162, 182, 184, 187, 195], [141, 143, 150, 157, 161, 186, 194], [142, 149, 194, 197, 199], [139, 141, 150, 153, 193, 196, 198], [138, 149, 152, 186, 189, 192], [151, 185, 188], [161], [160, 165], [152, 154, 159, 164, 197], [143, 151, 153, 156, 194, 196], [142, 149, 150, 155, 172, 191, 193, 195], [148, 150, 156, 170, 171, 186, 190], [149, 155, 164, 166, 169, 170, 172, 185, 189], [154, 163, 165, 171, 177, 184, 188], [153, 173, 176, 183], [152, 156, 171, 172], [155, 169, 170, 177, 185, 193], [168, 176, 184, 192, 197, 199], [167, 171, 183, 191, 196, 198], [162, 170, 182, 190, 196], [158, 161, 176, 189, 195, 197], [157, 160, 175, 182, 188, 196], [173, 174, 181, 195], [157, 172, 182, 192, 194], [156, 175, 181, 190, 191, 193], [159, 167, 174, 180, 189, 192], [158, 166, 168, 170, 175, 190], [167, 169, 174, 189]]








